6
0 62 19 67 35 1 
62 0 78 61 46 86 
19 78 0 43 79 39 
67 61 43 0 49 31 
35 46 79 49 0 100 
1 86 39 31 100 0 
