8
0 86 35 29 88 6 66 53 
86 0 18 8 10 74 30 15 
35 18 0 66 83 37 23 11 
29 8 66 0 61 4 26 31 
88 10 83 61 0 97 43 87 
6 74 37 4 97 0 28 45 
66 30 23 26 43 28 0 62 
53 15 11 31 87 45 62 0 
