7
0 56 90 57 10 40 92 
56 0 22 7 82 78 55 
90 22 0 12 98 40 48 
57 7 12 0 35 17 38 
10 82 98 35 0 32 16 
40 78 40 17 32 0 2 
92 55 48 38 16 2 0 
